









bb

 
 user
 Normal
 夏新 笔记本 
 2
 158
 2006-05-06T03 00Z
 2006-05-06T03 00Z
 2
 227
 1299
 雪城 哀怜 
 10
 2
 1595
 9.2812
 

 
 
 
 
 
 MicrosoftInternetExplorer4
 





 

 
 
 









 
 
 
 
 
 
 祖云 达斯 vs 巴勒莫 
 
 07/05 00
 
 
 赔率 s
 
 
 胜率 
 
 
 
 
 
 
 
 平局 
 
 
 
 
 
 
 
 
 平局 
 
 
 
 
 
 
 
 
 
 
 
 
 
 
 
 
 
 
 
 
 
 
 
 
 
 
 
 
 
 
 
 Mansion
 
 
 
 
 Betfair
 
 
 
 
 BetOnBet
 
 
 
 
 Parbet
 
 
 
 
 betbull
 
 
 
 
 Redbet
 
 
 
 
 Multibet
 
 
 
 
 Expekt
 
 
 
 
 WSEX
 
 
 
 
 Betway
 
 
 
 
 gamebookers
 
 
 
 
 betandgame com
 
 
 
 
 24hPoker
 
 
 
 
 BetEuro
 
 
 
 
 Sportfanatik
 
 
 
 
 PAF
 
 
 
 
 Nordicbet
 
 
 
 
 Bet&ampWin
 
 
 
 
 Betsafe
 
 
 
 
 myBet com
 
 
 
 
 Centrebet
 
 
 
 
 PinnacleSports
 
 
 
 
 Betfred
 
 
 
 
 Bet
 
 
 
 
 StarPrice
 
 
 
 
 Unibet
 
 
 
 
 Bet24
 
 
 
 
 Oddset
 
 
 
 
 Sweden
 
 
 
 

 
 
 
 

 
 
 
 

 
 
 
 

 
 
 
 

 
 
 
 

 
 
 
 

 
 
 
 

 
 
 
 

 
 
 
 

 
 
 
 

 
 
 
 
 
 
 
 
 
 
 
 1.200
 
 
 7.360
 
 
 22.600
 
 
 
 
 1.200
 
 
 7.400
 
 
 24.000
 
 
 
 
 1.200
 
 
 7.200
 
 
 22.000
 
 
 
 
 1.200
 
 
 7.350
 
 
 22.000
 
 
 
 
 1.200
 
 
 7.300
 
 
 na
 
 
 
 
 1.200
 
 
 7.300
 
 
 22.500
 
 
 
 
 1.190
 
 
 6.500
 
 
 15.000
 
 
 
 
 1.180
 
 
 5.500
 
 
 14.000
 
 
 
 
 1.160
 
 
 5.900
 
 
 13.250
 
 
 
 
 1.160
 
 
 6.500
 
 
 15.000
 
 
 
 
 1.160
 
 
 6.000
 
 
 14.000
 
 
 
 
 1.160
 
 
 6.900
 
 
 20.000
 
 
 
 
 1.150
 
 
 6.300
 
 
 20.000
 
 
 
 
 1.150
 
 
 6.000
 
 
 13.000
 
 
 
 
 1.150
 
 
 6.000
 
 
 13.000
 
 
 
 
 1.150
 
 
 6.100
 
 
 13.000
 
 
 
 
 1.150
 
 
 5.500
 
 
 13.000
 
 
 
 
 1.150
 
 
 6.500
 
 
 13.500
 
 
 
 
 1.150
 
 
 5.750
 
 
 13.000
 
 
 
 
 1.150
 
 
 6.500
 
 
 18.000
 
 
 
 
 1.150
 
 
 6.250
 
 
 14.000
 
 
 
 
 1.143
 
 
 7.250
 
 
 17.600
 
 
 
 
 1.140
 
 
 6.000
 
 
 13.000
 
 
 
 
 1.140
 
 
 6.500
 
 
 21.000
 
 
 
 
 1.120
 
 
 6.000
 
 
 15.000
 
 
 
 
 1.120
 
 
 6.750
 
 
 18.000
 
 
 
 
 1.100
 
 
 6.750
 
 
 18.000
 
 
 
 
 1.100
 
 
 4.300
 
 
 9.250
 
 
 
 
 1.100
 
 
 3.800
 
 
 13.000
 
 
 
 

 
 

 
 

 
 
 
 

 
 

 
 

 
 
 
 

 
 

 
 

 
 
 
 

 
 

 
 

 
 
 
 

 
 

 
 

 
 
 
 

 
 

 
 

 
 
 
 

 
 

 
 

 
 
 
 

 
 

 
 

 
 
 
 

 
 

 
 

 
 
 
 

 
 

 
 

 
 
 
 

 
 

 
 

 
 
 
 
 
 
 
 
 
 
 
 82
 
 
 13
 
 
 4
 
 
 
 
 82
 
 
 13
 
 
 4
 
 
 
 
 82
 
 
 14
 
 
 4
 
 
 
 
 82
 
 
 13
 
 
 4
 
 
 
 
 na
 
 
 na
 
 
 na
 
 
 
 
 82
 
 
 13
 
 
 4
 
 
 
 
 79
 
 
 15
 
 
 6
 
 
 
 
 77
 
 
 17
 
 
 6
 
 
 
 
 78
 
 
 15
 
 
 7
 
 
 
 
 80
 
 
 14
 
 
 6
 
 
 
 
 78
 
 
 15
 
 
 6
 
 
 
 
 82
 
 
 14
 
 
 5
 
 
 
 
 81
 
 
 15
 
 
 5
 
 
 
 
 78
 
 
 15
 
 
 7
 
 
 
 
 78
 
 
 15
 
 
 7
 
 
 
 
 78
 
 
 15
 
 
 7
 
 
 
 
 77
 
 
 16
 
 
 7
 
 
 
 
 79
 
 
 14
 
 
 7
 
 
 
 
 78
 
 
 16
 
 
 7
 
 
 
 
 81
 
 
 14
 
 
 5
 
 
 
 
 79
 
 
 15
 
 
 6
 
 
 
 
 82
 
 
 13
 
 
 5
 
 
 
 
 78
 
 
 15
 
 
 7
 
 
 
 
 81
 
 
 14
 
 
 4
 
 
 
 
 79
 
 
 15
 
 
 6
 
 
 
 
 81
 
 
 14
 
 
 5
 
 
 
 
 82
 
 
 13
 
 
 5
 
 
 
 
 73
 
 
 19
 
 
 9
 
 
 
 
 73
 
 
 21
 
 
 6
 
 
 
 

 
 

 
 

 
 
 
 

 
 

 
 

 
 
 
 

 
 

 
 

 
 
 
 

 
 

 
 

 
 
 
 

 
 

 
 

 
 
 
 

 
 

 
 

 
 
 
 

 
 

 
 

 
 
 
 

 
 

 
 

 
 
 
 

 
 

 
 

 
 
 
 

 
 

 
 

 
 
 
 

 
 

 
 

 
 
 
 
 
 
 
 
 
 
 
 
 
 
 &gt&gt 短信 订阅 数据
 
 
 
 
 &gt&gt 订购 数据 软件
 
 
 
 
  栏目 图表 数据 独家 提供
 
 












 